01931912001
02461200000
03571511000
04941822111
05821321111
06591200200 
07611212000
08290900110
09361311000
10911622110
11551000100
12581101000
13671411011
14771412210
15711200210
16831622101
17961522201
18871211001
19621100000
20520901210
21461010010
22912022100
23851721111
24481111200
25811711111
26741621210
27681221111
28631210001
29721402000
30991911100
31641311000
32771310111
33881622010
34540901100
35861712101
36731511010
37791521001
38851421211
39961601101
40591210010
41841410101
42711521100
43891501011
44381210110
45621111201
46931610101
47711321100
48551101000
49741512010
50881811010